115
94
87
131
115
116
129
90
96
130
85
93
93
94
88
82
123
116
88
106
86
107
96
96
111
103
103
86
117
95
111
90
108
103
100
78
101
80
100
90
85
80
94
95
92
90
100
98
94
77
92
102
89
105
82
91
81
95
94
75
108
101
100
94
101
82
105
91
85
113
86
90
107
99
84
74
105
113
85
104
112
110
96
73
75
105
90
107
121
99
114
101
88
128
78
77
86
118
106
102
95
74
94
118
109
86
78
101
77
67
110
98
31
91
110
75
34
25
40
30
35
23
24
47
102
103
77
97
75
98
121
97
38
82
96
59
77
102
75
64
87
71
77
82
73
82
48
91
70
80
86
116
93
48
63
98
115
91
112
65
42
102
64
82
74
110
109
88
78
87
72
21
25
22
36
89
104
110
96
118
83
100
102
109
97
93
66
21
37
30
24
39
17
24
24
16
32
22
24
27
25
27
29
27
25
27
21
52
90
69
67
91
54
99
45
23
26
30
24
28
60
78
81
146
66
99
81
121
78
83
108
112
74
110
82
110
90
98
55
70
63
82
47
64
56
48
33
72
54
58
52
71
41
66
56
63
50
50
65
66
45
63
46
47
46
50
54
34
53
48
40
61
58
61
88
97
27
62
69
37
59
79
49
44
56
97
86
80
82
59
93
47
66
80
74
72
41
38
64
56
46
36
43
60
34
26
49
56
62
39
106
43
62
75
37
30
65
61
61
72
55
38
41
56
52
27
42
37
24
54
64
79
55
54
31
21
47
63
37
43
57
34
27
49
44
38
49
43
28
40
68
62
36
83
23
65
23
48
34
24
57
70
49
45
25
28
49
60
20
42
28
28
54
41
38
46
63
67
69
38
48
75
85
100
92
86
83
81
76
71
55
80
68
77
55
82
55
37
35
75
81
49
81
36
34
39
13
54
57
38
35
42
65
72
43
40
44
70
40
34
27
69
69
89
100
86
50
65
35
58
39
35
50
65
25
44
25
40
54
37
43
61
43
22
56
64
50
52
51
72
45
24
19
63
36
64
39
67
26
45
106
75
60
44
16
48
31
55
55
65
59
39
65
60
39
37
61
51
20
25
14
19
35
26
16
25
24
22
15
29
19
29
20
20
21
19
26
27
26
29
19
29
21
14
20
25
30
28
29
27
21
22
23
27
21
27
20
24
25
24
27
22
18
24
25
21
24
16
15
28
28
23
28
30
26
17
31
29
21
22
23
62
76
102
63
72
107
72
97
88
88
107
88
83
77
68
84
80
84
102
105
117
74
71
86
72
104
85
84
88
94
68
77
97
95
104
111
106
85
68
89
101
104
82
78
97
82
74
106
70
103
90
111
109
110
109
111
95
102
78
78
100
94
84
107
99
77
96
88
70
115
95
133
102
102
90
104
89
107
71
104
86
94
82
88
103
100
85
99
89
80
87
100
102
78
78
98
93
106
84
125
80
96
82
116
93
118
117
97
74
115
99
110
97
102
86
98
80
91
110
95
92
108
121
94
89
119
102
115
78
92
90
107
67
77
84
95
104
75
85
74
81
112
87
81
116
94
108
89
90
87
75
91
96
108
111
135
105
88
95
111
90
102
83
111
91
119
89
82
110
82
115
94
99
93
86
78
90
77
92
83
90
79
82
93
95
89
92
93
92
82
87
99
95
87
76
87
70
74
99
87
96
109
98
92
85
77
86
74
82
88
94
62
87
83
81
102
70
100
114
103
104
85
76
87
77
79
93
96
67
86
129
95
76
88
96
101
92
108
78
78
83
110
98
85
93
93
86
94
106
107
75
98
112
91
63
99
77
96
87
80
65
110
116
100
89
98
100
93
90
92
89
107
76
92
122
110
95
106
90
118
104
97
106
98
99
83
72
97
101
78
86
101
86
90
84
86
76
78
95
79
74
89
96
62
85
87
113
81
101
87
90
84
92
81
81
75
75
79
104
99
109
96
116
83
81
76
106
87
87
93
93
95
92
99
92
99
94
93
76
93
65
93
85
81
96
92
100
76
98
89
102
89
80
90
72
71
113
86
85
81
78
90
80
74
87
76
78
73
111
83
95
75
99
78
79
80
86
80
89
99
64
75
96
83
87
60
100
98
91
76
81
79
89
86
98
81
93
86
89
84
105
95
98
58
91
119
95
81
95
74
88
89
88
79
97
72
80
79
123
76
103
73
79
85
87
56
99
83
70
72
77
78
95
85
78
74
68
89
57
76
66
77
83
66
100
74
90
102
111
66
89
87
79
73
101
90
83
80
80
55
88
94
95
87
90
80
93
77
73
85
92
88
74
81
94
79
79
87
86
90
97
75
96
82
94
67
74
93
84
83
83
78
37
41
39
39
51
72
69
85
80
71
81
91
90
97
65
59
74
59
71
71
92
71
106
67
93
89
81
89
75
81
66
82
88
94
50
11
18
22
21
18
15
23
18
20
22
18
22
12
22
23
19
23
25
12
19
19
16
24
21
15
16
20
22
16
25
22
18
22
24
22
21
20
22
25
17
18
22
23
13
11
19
18
22
27
27
19
27
14
17
17
16
14
21
18
20
14
12
18
16
12
19
22
22
23
20
17
9
22
21
11
13
19
12
19
24
17
18
22
20
22
17
20
16
10
22
20
18
21
17
11
14
20
16
18
19
15
22
17
17
21
16
18
14
21
15
22
12
22
15
17
12
13
17
11
15
21
20
28
16
22
18
21
19
18
17
13
26
21
19
23
21
23
20
25
24
19
12
26
18
15
20
26
19
20
22
26
21
25
18
16
20
14
36
23
20
24
28
19
17
23
16
18
11
28
24
20
17
23
22
29
19
14
15
17
16
13
23
25
22
26
20
19
19
25
13
20
17
28
28
5
20
15
22
16
24
13
24
19
20
21
21
20
22
26
13
21
25
26
24
18
9
16
22
19
20
22
15
13
19
21
22
29
15
22
18
24
17
15
9
16
12
20
25
29
25
19
24
17
19
19
12
17
19
17
16
11
22
16
23
20
18
20
22
24
19
26
20
17
18
26
14
18
13
15
19
29
18
21
23
24
13
14
24
23
13
14
18
20
22
29
18
26
27
23
17
26
24
19
20
21
22
16
19
22
18
23
18
29
19
26
19
19
17
24
12
20
17
21
22
32
15
16
19
26
27
14
22
21
25
17
25
10
23
16
14
19
15
23
17
19
14
14
29
24
26
19
16
21
30
15
19
16
24
19
23
17
12
16
20
19
20
21
19
14
21
21
21
16
20
14
11
27
13
24
20
28
15
25
24
14
16
19
19
15
20
25
22
18
18
13
12
18
23
22
21
18
22
23
23
21
15
14
22
22
18
15
20
26
21
22
14
13
20
20
22
22
18
21
19
15
19
17
13
14
16
23
14
25
26
15
13
20
14
27
21
14
16
20
23
9
19
30
15
21
20
24
25
24
16
11
18
18
18
16
21
15
18
15
20
30
18
19
20
26
22
16
18
18
27
21
20
15
22
11
15
19
26
25
18
23
21
27
17
19
21
19
10
13
19
25
29
16
18
12
13
24
23
19
20
20
14
24
19
23
19
13
13
23
18
19
15
17
12
10
23
19
27
20
25
20
16
15
22
24
21
20
24
16
25
19
15
22
19
26
19
16
24
16
19
10
18
13
19
20
15
18
17
22
20
11
16
17
14
15
15
20
23
15
19
19
19
13
23
22
17
17
18
20
12
13
10
16
15
16
20
9
9
17
15
23
20
11
19
17
29
14
8
17
20
11
15
12
24
17
24
24
20
22
12
19
11
23
23
23
19
20
17
17
22
16
18
20
17
23
21
19
12
14
23
18
23
13
29
25
14
24
16
18
19
11
17
16
24
18
17
22
14
16
21
18
21
10
20
26
24
19
26
13
12
17
16
17
15
17
13
24
24
21
21
22
28
6
20
16
20
18
14
11
15
20
21
16
24
13
16
24
24
19
21
15
14
11
16
15
15
14
19
12
16
12
22
19
19
31
17
19
25
20
20
19
16
18
21
20
15
30
23
15
17
14
17
25
20
16
10
15
15
19
23
20
13
17
19
12
14
12
13
17
12
9
11
20
24
12
20
20
23
22
24
11
14
17
14
23
11
17
17
23
27
11
21
27
17
22
24
16
19
18
12
21
21
17
22
21
18
17
18
17
12
14
23
15
15
19
14
16
19
17
20
21
18
19
17
29
17
16
20
21
21
11
11
19
19
13
14
19
12
14
14
16
13
18
17
17
19
21
17
18
22
15
13
20
24
15
15
30
23
12
12
14
16
21
12
7
13
15
15
18
24
22
22
20
9
18
22
18
12
17
22
17
18
24
22
16
22
20
23
15
20
12
22
10
14
15
8
18
24
20
17
14
8
19
13
16
16
15
11
27
17
29
15
20
15
25
14
16
21
14
14
17
8
14
24
15
21
15
22
16
14
25
17
22
12
18
23
16
16
7
22
21
17
24
17
19
18
15
13
14
24
21
17
9
12
18
13
18
14
18
14
15
16
19
21
26
14
25
9
9
14
16
18
24
19
25
21
8
14
16
8
23
16
22
26
22
14
15
14
10
17
20
8
16
17
17
19
21
18
17
15
21
18
24
18
13
15
19
15
20
24
17
28
24
19
21
19
16
15
15
23
13
18
23
18
15
22
14
19
16
16
12
25
24
16
15
17
13
23
22
25
13
20
9
14
15
14
24
19
25
14
19
12
24
25
21
16
19
19
12
15
17
14
22
18
20
21
15
23
27
18
20
23
20
11
15
12
11
25
27
17
13
18
13
10
18
18
15
20
24
15
14
17
15
15
23
21
22
13
16
14
20
19
14
14
20
16
20
13
13
22
26
20
17
16
12
25
22
16
25
18
14
14
17
15
14
16
15
16
24
18
22
10
14
19
16
14
13
20
17
10
26
9
12
10
15
13
13
19
25
13
17
24
22
8
18
19
20
19
16
14
22
21
18
20
13
20
21
28
19
18
15
16
13
11
15
15
17
14
13
16
19
17
23
17
27
17
26
14
10
24
10
24
14
17
15
11
21
23
20
9
22
17
13
17
20
10
12
17
16
17
8
17
16
22
18
17
11
19
20
17
22
26
13
24
16
12
16
7
21
19
19
19
16
19
15
15
16
19
22
15
15
18
26
20
22
14
19
15
15
15
14
10
15
17
18
15
17
12
11
16
19
14
17
11
17
21
18
15
22
20
15
14
14
18
11
15
14
17
13
22
22
16
24
27
25
13
21
22
21
24
14
14
18
16
15
12
17
16
12
11
18
26
25
15
18
15
14
14
20
18
15
16
12
18
12
19
9
27
28
15
16
10
25
21
12
16
9
11
18
17
21
19
10
20
10
18
17
13
14
15
16
22
21
17
30
10
15
15
20
11
15
18
18
22
13
23
15
17
14
14
20
22
21
14
18
18
21
19
20
13
19
19
25
23
21
20
20
17
14
13
21
20
16
21
12
27
26
20
23
24
16
16
11
10
27
15
17
20
14
13
10
10
18
20
18
15
16
24
19
25
20
23
9
20
21
19
24
15
14
17
15
17
20
12
20
20
14
15
16
29
17
16
19
18
19
17
12
19
12
16
21
23
18
24
21
18
17
16
15
20
16
19
14
23
17
17
23
20
20
17
22
19
14
13
22
17
16
16
22
13
17
15
16
17
12
12
16
15
11
12
19
15
19
19
17
24
17
16
21
14
21
12
19
15
15
19
14
17
15
18
28
16
8
12
15
22
15
16
19
22
18
10
26
18
13
15
24
12
15
12
21
22
21
24
18
15
14
17
17
18
24
14
19
19
12
17
19
21
14
15
17
24
12
19
12
16
20
16
13
13
21
17
20
19
24
18
11
17
16
28
17
14
24
14
13
16
17
21
20
19
19
9
21
13
11
24
25
12
21
14
26
13
18
20
10
12
11
26
13
18
16
15
16
18
17
18
18
12
14
13
19
10
20
18
11
10
13
13
18
17
19
14
12
18
14
19
12
20
22
19
17
9
22
15
16
14
11
10
24
12
18
12
19
19
21
27
22
18
12
24
15
18
18
16
16
17
23
18
10
18
12
13
14
16
9
17
12
15
20
16
13
16
14
17
18
19
20
27
16
18
20
23
16
20
27
14
11
17
15
24
19
8
17
16
22
12
11
22
28
19
21
23
22
14
20
22
21
20
11
19
20
9
11
14
20
12
11
21
18
20
14
20
14
26
14
21
20
18
18
27
20
14
27
23
29
14
9
12
11
26
18
22
22
15
17
13
20
13
9
11
13
17
21
16
21
24
15
18
19
23
14
22
19
16
22
15
17
18
14
7
26
17
19
15
19
18
23
16
11
23
22
16
25
24
30
23
15
13
19
15
12
11
10
16
17
20
15
11
20
22
20
19
16
18
39
19
30
20
18
21
20
13
11
14
21
27
13
15
18
27
19
32
14
18
13
23
25
24
24
23
28
30
23
26
20
19
21
14
15
19
26
21
25
12
14
14
18
18
21
30
32
16
22
14
19
15
31
25
19
30
25
12
18
11
16
15
19
16
20
12
10
10
20
20
14
8
17
11
18
15
31
21
19
15
16
21
12
10
19
18
19
18
11
15
13
20
20
24
13
17
17
17
15
12
17
16
23
20
14
23
15
14
14
13
13
22
21
10
14
18
16
19
10
16
23
22
13
11
10
27
21
19
19
10
17
11
10
19
21
12
20
22
18
13
14
14
10
17
18
26
20
25
11
14
33
27
24
11
22
19
23
24
22
20
21
25
22
16
16
15
28
15
23
19
19
20
21
22
16
15
23
15
24
23
18
19
17
19
23
25
16
17
19
17
16
15
20
18
17
9
23
9
17
21
18
23
21
13
15
15
14
19
22
24
17
15
21
16
17
30
22
16
18
33
22
13
29
25
15
23
23
16
12
20
24
25
14
13
18
24
14
22
24
11
29
22
21
12
19
21
17
19
16
12
26
14
17
9
24
13
13
23
16
11
18
17
24
16
13
24
24
20
15
12
18
16
15
17
20
16
12
24
13
17
19
23
18
13
19
20
12
25
13
18
20
12
18
8
7
15
13
21
15
11
22
12
14
16
13
16
12
10
11
17
16
12
15
13
14
9
20
26
14
12
13
17
14
18
19
11
9
15
17
19
10
20
16
20
14
14
16
17
17
10
12
14
13
12
12
18
14
17
14
17
16
14
16
20
18
9
11
20
20
11
26
18
17
15
10
21
14
24
16
14
12
22
14
15
15
18
12
8
13
17
20
15
13
14
13
12
22
13
9
11
21
5
14
12
17
12
16
17
15
13
15
17
11
7
13
10
19
16
8
14
15
12
19
12
17
12
23
9
17
17
14
15
15
20
16
21
11
5
15
14
26
9
20
15
15
23
12
12
15
18
22
17
21
13
10
16
18
8
11
16
10
10
12
16
19
9
21
8
13
9
15
16
24
12
16
25
20
12
22
24
13
12
27
17
12
25
11
10
22
10
14
17
16
16
10
3
13
14
13
12
11
7
10
15
9
12
15
16
12
14
19
16
13
10
10
12
14
16
8
9
10
12
12
16
12
17
18
11
13
13
6
21
13
19
19
12
16
12
16
25
19
15
17
14
20
12
13
13
17
13
12
20
22
15
9
15
16
16
13
19
10
19
9
18
14
11
17
11
16
13
10
16
11
18
20
19
9
20
10
9
15
16
20
21
11
15
8
15
16
17
15
12
15
19
13
12
15
13
16
14
14
13
15
16
18
19
17
11
15
14
9
12
15
14
15
14
17
15
15
14
11
19
8
20
13
14
11
11
14
14
5
17
12
16
19
18
19
16
17
16
10
14
14
18
13
19
21
18
16
10
17
20
20
14
15
18
7
18
18
16
17
19
15
8
9
12
19
11
18
17
21
18
12
15
14
24
13
14
12
15
13
21
19
15
16
21
13
15
17
18
22
13
17
16
16
18
12
9
11
20
17
21
12
16
13
19
15
12
10
11
20
16
21
17
19
12
15
15
14
9
13
14
13
13
25
18
17
18
12
17
21
15
16
20
15
16
10
6
11
16
21
14
11
13
15
12
21
15
15
12
13
14
17
13
11
16
17
18
16
28
14
18
15
17
12
5
11
6
13
18
12
11
16
14
13
16
17
14
6
7
16
14
21
11
14
17
16
9
19
11
9
13
20
11
17
16
15
13
23
10
9
10
10
16
18
17
17
16
14
16
7
18
10
12
13
11
14
18
14
11
17
20
18
19
31
10
14
20
11
18
19
12
17
16
15
21
15
26
14
13
16
14
18
24
16
15
12
14
17
18
6
15
15
21
19
14
11
17
17
23
19
21
11
13
9
16
18
9
23
13
11
11
14
9
18
12
11
4
21
13
12
14
19
15
12
14
9
16
9
11
14
11
12
15
7
9
18
16
15
16
14
17
12
16
14
21
23
14
10
19
16
23
10
10
9
10
10
19
19
13
13
15
11
16
17
22
18
11
12
23
14
18
9
9
14
20
13
11
16
7
18
26
13
13
16
20
17
17
19
18
18
13
21
13
15
22
18
12
14
12
15
17
10
16
20
13
15
19
18
11
20
16
11
12
8
9
9
9
15
22
11
19
12
16
15
12
17
18
14
16
19
15
14
15
8
17
21
17
6
14
15
14
11
20
14
19
10
17
14
16
13
18
16
8
11
16
9
15
10
15
16
13
10
15
11
18
14
7
13
17
12
15
18
16
9
15
14
13
12
11
25
14
15
20
12
15
18
10
14
18
15
15
12
11
14
11
21
12
17
15
20
14
13
12
16
10
12
12
7
11
12
15
16
13
15
14
9
18
17
10
10
11
12
22
12
10
13
10
18
14
11
19
16
10
16
18
12
19
14
18
15
15
25
19
15
12
13
14
10
17
15
12
18
13
16
18
11
11
18
16
14
14
16
8
13
14
12
24
16
11
19
9
20
10
19
12
9
11
14
11
13
17
14
17
17
12
9
13
22
10
16
14
13
15
16
11
12
11
11
22
12
13
17
14
15
6
14
16
14
15
16
16
17
14
15
14
24
12
8
13
14
22
17
19
15
15
13
22
14
11
10
13
10
19
4
11
10
13
17
17
13
13
12
19
17
12
14
14
12
19
14
13
9
15
16
14
10
14
6
10
9
8
9
8
11
8
15
10
15
10
17
16
17
13
23
11
18
10
10
16
9
13
18
8
10
15
13
10
19
10
8
11
11
8
15
21
23
11
9
18
15
18
20
13
13
12
15
14
12
10
12
24
12
18
12
18
18
6
17
12
13
17
11
21
16
17
21
17
15
13
13
15
15
11
17
12
18
18
13
17
15
16
8
13
16
10
12
15
17
12
9
14
17
15
19
13
15
11
16
10
18
9
10
8
16
14
15
14
10
13
17
13
21
17
15
12
18
12
16
12
13
8
20
21
13
11
10
11
19
19
19
12
14
16
10
12
24
14
9
13
15
15
16
14
7
15
14
13
18
17
21
16
17
12
19
10
9
11
18
19
10
9
12
17
14
10
22
17
14
11
13
14
11
17
19
15
9
15
20
9
18
15
16
10
9
16
17
16
10
6
13
13
17
13
10
17
24
14
10
16
23
17
10
12
19
18
21
9
13
16
18
14
13
14
22
18
16
22
17
23
17
17
8
18
11
17
25
14
18
16
14
17
21
20
23
19
14
22
20
13
11
13
21
13
16
24
19
13
14
19
10
11
13
13
14
16
16
14
9
20
14
21
15
17
18
10
18
19
19
16
20
12
11
17
14
17
13
17
22
27
11
17
17
14
11
9
14
7
14
19
9
14
17
14
15
10
11
9
13
8
19
14
16
20
17
19
15
20
16
16
20
15
15
22
17
13
14
18
16
17
16
10
19
5
12
16
17
13
9
13
16
16
16
15
13
19
15
16
13
13
15
15
22
9
16
21
14
16
12
14
18
6
16
13
15
10
17
15
23
16
15
11
14
14
13
15
17
17
16
8
20
17
13
20
13
20
16
15
18
13
15
19
11
17
15
15
17
24
21
22
11
15
15
17
13
22
10
16
9
8
19
14
9
16
20
13
12
18
15
20
12
14
13
12
19
13
13
16
12
17
14
23
14
16
15
17
12
18
14
20
14
15
9
16
15
26
18
6
19
19
13
16
15
20
10
16
14
18
11
15
17
11
8
17
15
19
22
16
6
25
22
13
14
14
12
18
13
13
11
23
13
11
12
13
20
19
26
14
20
18
13
11
20
19
13
12
12
12
17
19
16
21
11
12
21
18
17
10
21
15
21
11
18
12
13
21
11
14
12
15
22
13
19
16
20
20
14
17
14
14
14
13
14
16
15
20
22
15
14
9
19
12
16
16
20
24
19
15
14
13
15
18
12
18
14
12
15
10
12
18
13
25
5
15
21
25
16
8
11
9
6
21
20
9
16
16
18
12
10
11
11
14
10
7
9
15
20
16
16
19
14
25
21
18
11
15
11
8
14
14
22
15
18
13
19
16
17
15
12
13
17
17
15
12
20
17
24
18
21
14
12
22
16
15
16
13
15
12
13
18
17
19
12
12
19
18
17
15
18
15
5
16
15
10
14
12
9
20
15
14
24
17
14
21
18
19
16
24
16
20
17
21
13
9
22
18
8
14
23
8
19
15
12
22
16
21
10
16
14
11
18
15
17
16
12
16
13
9
18
18
12
15
16
11
15
20
10
12
14
14
27
26
17
10
10
22
18
16
23
17
14
15
17
11
13
20
22
15
13
14
13
17
12
15
16
17
13
22
20
21
16
16
18
9
15
12
12
16
13
22
13
8
15
8
13
10
19
16
9
18
19
13
17
11
20
13
17
10
12
18
14
17
7
21
18
17
24
11
14
17
13
12
19
12
13
8
10
20
23
20
16
15
15
23
25
15
16
10
13
23
22
17
16
12
15
20
10
13
11
16
18
13
15
17
16
16
14
13
22
13
15
11
19
15
13
4
14
19
21
20
14
18
13
18
16
19
15
12
12
15
15
16
19
19
10
18
17
15
15
19
14
20
14
15
10
17
17
10
10
17
16
19
14
11
17
20
12
17
18
15
17
10
13
17
8
23
14
14
14
8
11
14
20
19
13
12
18
19
15
31
13
16
16
9
15
13
10
19
14
13
27
12
16
16
16
20
10
12
13
16
17
18
21
16
19
11
12
10
12
9
12
13
15
17
9
17
13
13
21
8
16
19
17
15
8
13
14
14
14
21
17
13
15
13
15
21
15
16
9
18
14
10
13
16
10
8
16
22
27
9
14
15
14
22
14
14
10
19
12
13
18
12
9
18
16
11
15
14
15
20
14
15
16
8
14
19
11
21
19
16
13
13
15
12
18
18
15
19
15
19
14
14
17
17
15
18
17
17
12
16
13
17
12
12
11
14
18
14
10
16
14
14
10
18
13
14
14
15
14
5
10
19
14
21
14
11
16
9
12
17
10
13
16
13
16
11
20
12
6
18
14
13
13
16
17
16
13
14
11
10
14
22
14
12
27
13
13
19
14
8
15
16
13
12
17
24
16
19
15
19
8
14
20
10
17
16
12
15
17
18
18
13
21
15
12
17
13
17
15
17
20
17
13
9
21
14
18
17
16
18
12
13
22
21
11
14
12
14
19
15
24
14
15
12
17
12
10
17
16
13
19
5
16
10
10
17
11
21
21
12
13
11
15
12
20
10
20
17
11
10
15
13
16
16
12
8
24
18
14
14
25
14
23
16
10
14
18
18
13
21
17
16
11
21
13
18
14
18
20
17
13
14
17
16
10
13
16
18
10
18
8
22
14
19
16
14
14
11
10
14
12
18
16
14
14
11
15
17
14
15
18
15
19
13
24
14
18
14
10
11
12
19
7
20
16
16
12
15
20
16
15
11
13
10
19
14
17
18
16
16
13
13
19
15
16
21
12
12
12
22
12
14
12
8
12
15
20
21
11
20
10
20
18
23
17
15
10
26
11
21
20
11
9
14
16
19
17
11
13
12
11
18
16
14
16
20
16
13
17
21
16
10
17
13
12
14
12
14
10
8
11
16
9
21
15
13
12
12
24
13
14
11
10
12
15
14
12
11
11
16
14
7
20
10
13
7
16
21
14
14
14
12
16
16
14
20
5
16
18
10
18
11
17
14
13
20
11
12
16
16
12
20
10
15
21
15
17
15
13
18
11
22
12
19
15
17
15
13
19
15
22
12
14
24
15
19
16
17
15
21
20
21
15
12
17
14
10
12
12
14
9
22
6
14
16
16
19
19
14
19
24
10
14
13
17
10
13
16
11
11
9
11
11
17
16
13
10
9
19
16
17
16
17
14
12
19
16
15
12
15
19
20
16
17
8
18
15
15
11
14
12
12
9
11
15
17
11
17
16
15
17
11
12
20
18
18
10
16
16
13
21
26
9
17
16
11
12
18
10
14
10
18
18
21
16
15
9
13
17
11
18
20
12
15
16
13
11
17
19
15
12
16
14
17
12
18
19
19
13
10
10
23
15
19
18
9
13
13
16
6
18
21
17
14
20
4
14
15
12
17
15
20
15
11
13
9
14
16
21
8
17
14
11
16
21
15
24
19
19
11
10
21
20
15
15
14
16
19
19
15
15
16
16
16
10
19
15
20
17
15
21
13
9
13
6
17
12
19
14
21
17
17
14
16
13
12
22
17
15
23
13
17
10
20
12
13
22
17
19
8
15
16
15
13
14
9
11
17
15
12
14
20
13
17
8
13
9
18
13
16
11
16
16
20
11
12
19
17
11
6
14
14
12
13
11
23
16
16
15
12
22
12
13
15
12
8
11
17
10
11
11
20
21
15
18
18
12
16
22
19
20
9
21
18
15
14
15
7
13
15
19
11
14
14
15
19
21
20
12
19
20
15
18
20
12
26
20
18
13
11
12
17
17
13
20
12
12
16
9
13
22
14
14
13
13
11
12
14
21
13
13
16
19
12
15
12
22
9
19
24
11
18
16
15
14
20
12
16
17
12
14
12
8
13
14
18
15
18
21
17
18
10
14
19
20
15
16
17
20
19
15
16
11
16
25
10
14
18
26
19
16
10
15
14
7
17
19
19
8
9
17
14
16
9
19
15
9
18
17
16
18
18
17
12
18
14
17
8
9
14
17
24
13
21
18
10
13
14
13
14
15
18
21
20
12
4
14
19
13
20
11
10
10
17
19
10
14
15
19
15
14
15
13
12
14
17
21
20
13
23
16
16
16
10
15
12
18
6
14
15
14
22
16
17
13
13
15
13
17
11
12
7
16
15
18
17
15
13
16
16
19
10
14
12
12
5
14
11
16
14
20
14
17
16
17
18
14
10
13
14
13
16
12
11
14
15
16
22
13
